66,7 21,2
32,9 33,5
-86,2 -1,2
86,5 -32,1
-98,2 -33,6
10,9 -62,7
-98,9 43,2
30,8 -85,5
-8,7 29,2
20,8 45,1
-22,3 69,7
14,3 -20,7
-31,8 6,7
-54,9 1,9
-71,0 18,1
33,4 77,9
19,1 -52,9
-91,9 9,4
91,4 -53,3
-98,5 -16,6
4,5 -39,3
-94,6 22,5
7,3 97,9
-39,1 -12,7
-82,2 13,5
93,5 -33,5
-51,9 85,4
88,1 40,9
99,1 -23,0
37,7 -16,5
82,0 -0,1
-96,6 11,5
-99,3 76,0
56,7 -61,5
-30,2 -27,3
-67,8 -8,5
-2,8 92,3
6,0 99,3
7,7 -61,1
-24,7 59,3
49,2 24,6
-58,3 59,7
-47,7 -39,5
-55,2 -55,5
64,7 -35,9
80,5 67,8
-50,2 68,0
1,1 1,9
88,2 72,1
-28,4 -42,9
-52,4 -86,4
-50,7 2,5
98,7 -28,7
19,0 -48,9
38,2 -82,4
67,6 16,0
25,4 -92,9
-20,0 -27,1
-82,5 78,1
-89,2 93,1
-18,2 28,5
62,2 -94,6
-25,7 81,5
6,6 55,1
-33,2 -56,9
87,3 63,1
-78,6 47,2
27,4 77,3
-14,2 49,7
-22,9 -6,8
-34,7 45,0
77,1 -51,6
-30,9 64,0
38,6 39,7
82,3 -7,5
80,6 44,9
32,1 19,4
14,2 -45,0
95,3 41,2
-3,0 -84,6
-84,5 -2,8
-63,1 -86,9
-28,1 -8,6
8,1 4,8
52,8 -94,5
33,5 55,2